20 190
4 20
8 13
2 18
8 15
12 17
3 6
2 4
14 19
1 12
5 17
2 5
4 19
1 8
1 13
2 6
10 16
6 19
1 19
3 5
6 10
13 17
12 20
3 16
13 16
13 19
2 19
2 3
7 19
2 15
10 15
12 15
10 17
15 18
11 20
11 13
2 11
6 18
8 14
15 20
9 19
9 12
7 17
9 18
3 7
7 11
8 20
10 11
18 20
14 18
7 20
18 19
7 10
14 20
1 16
1 11
6 15
6 12
2 16
4 8
12 13
9 14
5 9
4 9
8 11
13 15
3 19
10 13
5 20
2 13
6 11
8 16
2 8
1 6
7 13
1 3
4 7
7 18
4 17
9 10
1 17
12 19
3 14
2 20
3 8
16 17
5 7
17 18
2 10
5 16
7 9
8 10
11 12
1 9
13 20
1 15
6 16
3 20
1 10
10 20
3 17
9 15
4 16
11 17
10 19
2 7
12 14
4 5
1 4
7 12
7 8
11 16
2 17
11 15
16 20
5 15
10 18
3 18
6 14
13 14
5 6
19 20
17 19
16 18
2 9
8 19
4 6
2 14
15 19
1 2
6 7
13 18
3 12
5 18
4 12
8 12
5 8
8 9
7 16
9 11
12 18
6 20
3 9
8 18
5 12
15 17
3 13
3 15
5 19
5 11
15 16
4 10
1 7
16 19
4 11
5 13
3 10
3 4
1 14
3 11
7 14
4 14
6 8
4 15
12 16
10 14
6 9
9 20
1 20
9 16
10 12
6 17
1 5
14 16
7 15
17 20
8 17
14 17
2 12
1 18
11 19
6 13
4 13
11 14
5 10
9 17
14 15
9 13
4 18
5 14
11 18
